25
66
72
64
83
34
10
82
82
30
50
59
68
94
18
13
34
16
69
53
0
42
95
40
47
41
93
70
49
11
46
16
36
93
3
61
76
87
52
20
89
38
88
32
18
80
7
9
30
84
75
71
58
64
52
73
23
58
66
97
37
79
96
46
10
85
4
91
56
12
62
24
31
14
3
77
95
68
98
86
61
14
13
68
24
17
30
47
71
39
91
2
2
86
64
59
93
23
9
8
79
8
57
50
43
69
26
7
47
72
6
79
47
46
90
32
12
18
33
22
54
83
57
90
76
76
67
42
39
51
42
49
46
52
52
94
40
65
40
92
32
94
14
64
70
30
70
69
74
6
91
61
92
37
53
62
19
86
98
98
74
79
9
19
49
0
74
22
33
13
26
39
18
31
45
3
45
35
74
8
55
60
91
75
97
12
22
13
33
57
10
91
81
94
99
96
28
10
7
35
68
4
32
13
96
4
59
12
21
81
0
12
62
26
27
2
17
15
34
63
88
75
22
35
3
10
32
69
61
87
49
55
95
56
57
74
30
9
69
55
99
93
74
33
73
87
74
1
24
18
2
4
82
42
56
97
85
37
8
93
78
57
5
38
54
89
79
44
19
98
92
57
82
88
22
76
54
38
96
82
9
42
1
84
16
62
88
26
31
73
4
73
95
66
1
7
96
32
89
97
99
84
15
55
45
77
70
1
11
6
65
49
14
75
31
6
11
63
41
10
86
26
77
78
79
1
21
19
20
40
63
71
52
67
92
59
30
2
67
40
70
75
20
82
88
8
93
55
27
33
82
55
48
60
4
66
36
40
75
49
39
53
51
11
60
93
65
49
74
89
34
46
70
58
38
29
58
96
91
51
30
91
62
95
2
60
42
51
22
20
84
0
74
68
99
32
66
26
8
92
52
31
34
61
93
71
37
34
40
52
69
27
66
76
72
16
79
31
13
80
81
42
97
44
66
39
85
12
73
58
99
85
47
99
78
16
11
50
7
87
60
54
60
33
72
65
26
17
41
14
19
47
9
88
28
83
17
4
91
2
58
36
16
23
51
68
40
50
64
85
55
96
14
90
68
59
5
12
69
88
91
35
72
23
39
68
24
30
58
39
94
70
21
15
53
92
86
80
13
57
59
80
85
86
41
14
71
91
99
18
7
16
5
71
60
16
56
0
49
30
40
29
83
65
50
39
70
87
50
22
75
56
93
36
2
28
29
42
54
88
44
21
72
15
95
45
31
56
35
1
2
91
44
69
1
5
18
43
62
58
88
33
95
89
7
65
33
83
43
60
61
82
98
10
96
84
90
47
3
1
99
9
53
45
30
96
13
97
97
82
54
70
91
41
53
39
56
25
85
78
76
63
75
11
14
71
27
84
49
80
3
73
13
38
12
39
97
32
98
69
9
88
23
7
18
13
87
80
16
75
15
6
31
21
26
64
95
51
55
47
93
25
25
16
92
43
12
45
75
66
65
42
87
45
40
82
41
45
68
47
2
66
38
50
20
66
15
65
80
47
76
3
63
40
20
78
41
24
28
93
42
50
0
17
76
96
43
82
21
61
1
31
23
51
48
33
96
5
74
71
46
30
71
39
10
76
0
24
16
42
16
41
64
30
25
90
45
70
34
38
97
52
46
1
55
15
76
91
4
57
43
2
45
77
15
78
98
26
82
63
11
75
72
55
59
91
99
93
38
39
95
16
19
29
64
49
40
42
60
72
60
20
78
91
52
46
10
83
44
91
44
15
75
82
28
21
92
40
30
57
35
92
35
36
85
6
96
65
15
95
52
62
54
56
74
66
54
62
41
92
73
76
14
86
44
8
61
87
84
99
18
4
55
44
65
14
18
10
58
28
57
29
40
35
77
7
29
47
52
34
65
69
5
9
76
85
8
3
35
20
62
36
24
60
66
61
87
33
64
7
66
30
64
26
4
23
78
31
15
76
94
1
10
86
66
88
15
50
94
70
64
94
14
17
61
97
34
19
15
33
9
65
84
24
49
55
90
20
37
66
89
71
31
93
16
29
17
45
67
13
84
38
3
3
89
76
12
96
91
76
27
28
31
35
96
90
70
55
13
4
73
21
19
0
0
26
88
30
19
49
15
79
48
62
57
97
7
22
70
40
27
83
27
55
70
54
8
37
75
49
82
87
69
86
43
86
26
16
81
19
15
17
94
40
9
43
27
43
3
62
9
23
13
8
47
35
24
83
69
19
85
79
53
89
26
70
44
34
58
22
5
8
39
64
27
1
32
75
70
13
